8,5,256,
0.000000,0.000000,0.000000,0.000000,0.000000,0.000000,0.000000,0.000000,0.000000,0.000000,0.000000,0.000000,0.000000,
0.000000,0.000000,0.000000,0.000000,0.000000,0.000000,0.000000,1.000000,0.000000,0.000000,0.000000,0.000000,1.000000,
0.000000,0.000000,0.000000,0.000000,0.000000,0.000000,1.000000,0.000000,0.000000,0.000000,0.000000,1.000000,0.000000,
0.000000,0.000000,0.000000,0.000000,0.000000,0.000000,1.000000,1.000000,0.000000,0.000000,0.000000,1.000000,1.000000,
0.000000,0.000000,0.000000,0.000000,0.000000,1.000000,0.000000,0.000000,0.000000,0.000000,1.000000,0.000000,0.000000,
0.000000,0.000000,0.000000,0.000000,0.000000,1.000000,0.000000,1.000000,0.000000,0.000000,1.000000,0.000000,1.000000,
0.000000,0.000000,0.000000,0.000000,0.000000,1.000000,1.000000,0.000000,0.000000,0.000000,1.000000,1.000000,0.000000,
0.000000,0.000000,0.000000,0.000000,0.000000,1.000000,1.000000,1.000000,0.000000,0.000000,1.000000,1.000000,1.000000,
0.000000,0.000000,0.000000,0.000000,1.000000,0.000000,0.000000,0.000000,0.000000,1.000000,0.000000,0.000000,0.000000,
0.000000,0.000000,0.000000,0.000000,1.000000,0.000000,0.000000,1.000000,0.000000,1.000000,0.000000,0.000000,1.000000,
0.000000,0.000000,0.000000,0.000000,1.000000,0.000000,1.000000,0.000000,0.000000,1.000000,0.000000,1.000000,0.000000,
0.000000,0.000000,0.000000,0.000000,1.000000,0.000000,1.000000,1.000000,0.000000,1.000000,0.000000,1.000000,1.000000,
0.000000,0.000000,0.000000,0.000000,1.000000,1.000000,0.000000,0.000000,0.000000,1.000000,1.000000,0.000000,0.000000,
0.000000,0.000000,0.000000,0.000000,1.000000,1.000000,0.000000,1.000000,0.000000,1.000000,1.000000,0.000000,1.000000,
0.000000,0.000000,0.000000,0.000000,1.000000,1.000000,1.000000,0.000000,0.000000,1.000000,1.000000,1.000000,0.000000,
0.000000,0.000000,0.000000,0.000000,1.000000,1.000000,1.000000,1.000000,0.000000,1.000000,1.000000,1.000000,1.000000,
0.000000,0.000000,0.000000,1.000000,0.000000,0.000000,0.000000,0.000000,0.000000,0.000000,0.000000,0.000000,1.000000,
0.000000,0.000000,0.000000,1.000000,0.000000,0.000000,0.000000,1.000000,0.000000,0.000000,0.000000,1.000000,0.000000,
0.000000,0.000000,0.000000,1.000000,0.000000,0.000000,1.000000,0.000000,0.000000,0.000000,0.000000,1.000000,1.000000,
0.000000,0.000000,0.000000,1.000000,0.000000,0.000000,1.000000,1.000000,0.000000,0.000000,1.000000,0.000000,0.000000,
0.000000,0.000000,0.000000,1.000000,0.000000,1.000000,0.000000,0.000000,0.000000,0.000000,1.000000,0.000000,1.000000,
0.000000,0.000000,0.000000,1.000000,0.000000,1.000000,0.000000,1.000000,0.000000,0.000000,1.000000,1.000000,0.000000,
0.000000,0.000000,0.000000,1.000000,0.000000,1.000000,1.000000,0.000000,0.000000,0.000000,1.000000,1.000000,1.000000,
0.000000,0.000000,0.000000,1.000000,0.000000,1.000000,1.000000,1.000000,0.000000,1.000000,0.000000,0.000000,0.000000,
0.000000,0.000000,0.000000,1.000000,1.000000,0.000000,0.000000,0.000000,0.000000,1.000000,0.000000,0.000000,1.000000,
0.000000,0.000000,0.000000,1.000000,1.000000,0.000000,0.000000,1.000000,0.000000,1.000000,0.000000,1.000000,0.000000,
0.000000,0.000000,0.000000,1.000000,1.000000,0.000000,1.000000,0.000000,0.000000,1.000000,0.000000,1.000000,1.000000,
0.000000,0.000000,0.000000,1.000000,1.000000,0.000000,1.000000,1.000000,0.000000,1.000000,1.000000,0.000000,0.000000,
0.000000,0.000000,0.000000,1.000000,1.000000,1.000000,0.000000,0.000000,0.000000,1.000000,1.000000,0.000000,1.000000,
0.000000,0.000000,0.000000,1.000000,1.000000,1.000000,0.000000,1.000000,0.000000,1.000000,1.000000,1.000000,0.000000,
0.000000,0.000000,0.000000,1.000000,1.000000,1.000000,1.000000,0.000000,0.000000,1.000000,1.000000,1.000000,1.000000,
0.000000,0.000000,0.000000,1.000000,1.000000,1.000000,1.000000,1.000000,1.000000,0.000000,0.000000,0.000000,0.000000,
0.000000,0.000000,1.000000,0.000000,0.000000,0.000000,0.000000,0.000000,0.000000,0.000000,0.000000,1.000000,0.000000,
0.000000,0.000000,1.000000,0.000000,0.000000,0.000000,0.000000,1.000000,0.000000,0.000000,0.000000,1.000000,1.000000,
0.000000,0.000000,1.000000,0.000000,0.000000,0.000000,1.000000,0.000000,0.000000,0.000000,1.000000,0.000000,0.000000,
0.000000,0.000000,1.000000,0.000000,0.000000,0.000000,1.000000,1.000000,0.000000,0.000000,1.000000,0.000000,1.000000,
0.000000,0.000000,1.000000,0.000000,0.000000,1.000000,0.000000,0.000000,0.000000,0.000000,1.000000,1.000000,0.000000,
0.000000,0.000000,1.000000,0.000000,0.000000,1.000000,0.000000,1.000000,0.000000,0.000000,1.000000,1.000000,1.000000,
0.000000,0.000000,1.000000,0.000000,0.000000,1.000000,1.000000,0.000000,0.000000,1.000000,0.000000,0.000000,0.000000,
0.000000,0.000000,1.000000,0.000000,0.000000,1.000000,1.000000,1.000000,0.000000,1.000000,0.000000,0.000000,1.000000,
0.000000,0.000000,1.000000,0.000000,1.000000,0.000000,0.000000,0.000000,0.000000,1.000000,0.000000,1.000000,0.000000,
0.000000,0.000000,1.000000,0.000000,1.000000,0.000000,0.000000,1.000000,0.000000,1.000000,0.000000,1.000000,1.000000,
0.000000,0.000000,1.000000,0.000000,1.000000,0.000000,1.000000,0.000000,0.000000,1.000000,1.000000,0.000000,0.000000,
0.000000,0.000000,1.000000,0.000000,1.000000,0.000000,1.000000,1.000000,0.000000,1.000000,1.000000,0.000000,1.000000,
0.000000,0.000000,1.000000,0.000000,1.000000,1.000000,0.000000,0.000000,0.000000,1.000000,1.000000,1.000000,0.000000,
0.000000,0.000000,1.000000,0.000000,1.000000,1.000000,0.000000,1.000000,0.000000,1.000000,1.000000,1.000000,1.000000,
0.000000,0.000000,1.000000,0.000000,1.000000,1.000000,1.000000,0.000000,1.000000,0.000000,0.000000,0.000000,0.000000,
0.000000,0.000000,1.000000,0.000000,1.000000,1.000000,1.000000,1.000000,1.000000,0.000000,0.000000,0.000000,1.000000,
0.000000,0.000000,1.000000,1.000000,0.000000,0.000000,0.000000,0.000000,0.000000,0.000000,0.000000,1.000000,1.000000,
0.000000,0.000000,1.000000,1.000000,0.000000,0.000000,0.000000,1.000000,0.000000,0.000000,1.000000,0.000000,0.000000,
0.000000,0.000000,1.000000,1.000000,0.000000,0.000000,1.000000,0.000000,0.000000,0.000000,1.000000,0.000000,1.000000,
0.000000,0.000000,1.000000,1.000000,0.000000,0.000000,1.000000,1.000000,0.000000,0.000000,1.000000,1.000000,0.000000,
0.000000,0.000000,1.000000,1.000000,0.000000,1.000000,0.000000,0.000000,0.000000,0.000000,1.000000,1.000000,1.000000,
0.000000,0.000000,1.000000,1.000000,0.000000,1.000000,0.000000,1.000000,0.000000,1.000000,0.000000,0.000000,0.000000,
0.000000,0.000000,1.000000,1.000000,0.000000,1.000000,1.000000,0.000000,0.000000,1.000000,0.000000,0.000000,1.000000,
0.000000,0.000000,1.000000,1.000000,0.000000,1.000000,1.000000,1.000000,0.000000,1.000000,0.000000,1.000000,0.000000,
0.000000,0.000000,1.000000,1.000000,1.000000,0.000000,0.000000,0.000000,0.000000,1.000000,0.000000,1.000000,1.000000,
0.000000,0.000000,1.000000,1.000000,1.000000,0.000000,0.000000,1.000000,0.000000,1.000000,1.000000,0.000000,0.000000,
0.000000,0.000000,1.000000,1.000000,1.000000,0.000000,1.000000,0.000000,0.000000,1.000000,1.000000,0.000000,1.000000,
0.000000,0.000000,1.000000,1.000000,1.000000,0.000000,1.000000,1.000000,0.000000,1.000000,1.000000,1.000000,0.000000,
0.000000,0.000000,1.000000,1.000000,1.000000,1.000000,0.000000,0.000000,0.000000,1.000000,1.000000,1.000000,1.000000,
0.000000,0.000000,1.000000,1.000000,1.000000,1.000000,0.000000,1.000000,1.000000,0.000000,0.000000,0.000000,0.000000,
0.000000,0.000000,1.000000,1.000000,1.000000,1.000000,1.000000,0.000000,1.000000,0.000000,0.000000,0.000000,1.000000,
0.000000,0.000000,1.000000,1.000000,1.000000,1.000000,1.000000,1.000000,1.000000,0.000000,0.000000,1.000000,0.000000,
0.000000,1.000000,0.000000,0.000000,0.000000,0.000000,0.000000,0.000000,0.000000,0.000000,1.000000,0.000000,0.000000,
0.000000,1.000000,0.000000,0.000000,0.000000,0.000000,0.000000,1.000000,0.000000,0.000000,1.000000,0.000000,1.000000,
0.000000,1.000000,0.000000,0.000000,0.000000,0.000000,1.000000,0.000000,0.000000,0.000000,1.000000,1.000000,0.000000,
0.000000,1.000000,0.000000,0.000000,0.000000,0.000000,1.000000,1.000000,0.000000,0.000000,1.000000,1.000000,1.000000,
0.000000,1.000000,0.000000,0.000000,0.000000,1.000000,0.000000,0.000000,0.000000,1.000000,0.000000,0.000000,0.000000,
0.000000,1.000000,0.000000,0.000000,0.000000,1.000000,0.000000,1.000000,0.000000,1.000000,0.000000,0.000000,1.000000,
0.000000,1.000000,0.000000,0.000000,0.000000,1.000000,1.000000,0.000000,0.000000,1.000000,0.000000,1.000000,0.000000,
0.000000,1.000000,0.000000,0.000000,0.000000,1.000000,1.000000,1.000000,0.000000,1.000000,0.000000,1.000000,1.000000,
0.000000,1.000000,0.000000,0.000000,1.000000,0.000000,0.000000,0.000000,0.000000,1.000000,1.000000,0.000000,0.000000,
0.000000,1.000000,0.000000,0.000000,1.000000,0.000000,0.000000,1.000000,0.000000,1.000000,1.000000,0.000000,1.000000,
0.000000,1.000000,0.000000,0.000000,1.000000,0.000000,1.000000,0.000000,0.000000,1.000000,1.000000,1.000000,0.000000,
0.000000,1.000000,0.000000,0.000000,1.000000,0.000000,1.000000,1.000000,0.000000,1.000000,1.000000,1.000000,1.000000,
0.000000,1.000000,0.000000,0.000000,1.000000,1.000000,0.000000,0.000000,1.000000,0.000000,0.000000,0.000000,0.000000,
0.000000,1.000000,0.000000,0.000000,1.000000,1.000000,0.000000,1.000000,1.000000,0.000000,0.000000,0.000000,1.000000,
0.000000,1.000000,0.000000,0.000000,1.000000,1.000000,1.000000,0.000000,1.000000,0.000000,0.000000,1.000000,0.000000,
0.000000,1.000000,0.000000,0.000000,1.000000,1.000000,1.000000,1.000000,1.000000,0.000000,0.000000,1.000000,1.000000,
0.000000,1.000000,0.000000,1.000000,0.000000,0.000000,0.000000,0.000000,0.000000,0.000000,1.000000,0.000000,1.000000,
0.000000,1.000000,0.000000,1.000000,0.000000,0.000000,0.000000,1.000000,0.000000,0.000000,1.000000,1.000000,0.000000,
0.000000,1.000000,0.000000,1.000000,0.000000,0.000000,1.000000,0.000000,0.000000,0.000000,1.000000,1.000000,1.000000,
0.000000,1.000000,0.000000,1.000000,0.000000,0.000000,1.000000,1.000000,0.000000,1.000000,0.000000,0.000000,0.000000,
0.000000,1.000000,0.000000,1.000000,0.000000,1.000000,0.000000,0.000000,0.000000,1.000000,0.000000,0.000000,1.000000,
0.000000,1.000000,0.000000,1.000000,0.000000,1.000000,0.000000,1.000000,0.000000,1.000000,0.000000,1.000000,0.000000,
0.000000,1.000000,0.000000,1.000000,0.000000,1.000000,1.000000,0.000000,0.000000,1.000000,0.000000,1.000000,1.000000,
0.000000,1.000000,0.000000,1.000000,0.000000,1.000000,1.000000,1.000000,0.000000,1.000000,1.000000,0.000000,0.000000,
0.000000,1.000000,0.000000,1.000000,1.000000,0.000000,0.000000,0.000000,0.000000,1.000000,1.000000,0.000000,1.000000,
0.000000,1.000000,0.000000,1.000000,1.000000,0.000000,0.000000,1.000000,0.000000,1.000000,1.000000,1.000000,0.000000,
0.000000,1.000000,0.000000,1.000000,1.000000,0.000000,1.000000,0.000000,0.000000,1.000000,1.000000,1.000000,1.000000,
0.000000,1.000000,0.000000,1.000000,1.000000,0.000000,1.000000,1.000000,1.000000,0.000000,0.000000,0.000000,0.000000,
0.000000,1.000000,0.000000,1.000000,1.000000,1.000000,0.000000,0.000000,1.000000,0.000000,0.000000,0.000000,1.000000,
0.000000,1.000000,0.000000,1.000000,1.000000,1.000000,0.000000,1.000000,1.000000,0.000000,0.000000,1.000000,0.000000,
0.000000,1.000000,0.000000,1.000000,1.000000,1.000000,1.000000,0.000000,1.000000,0.000000,0.000000,1.000000,1.000000,
0.000000,1.000000,0.000000,1.000000,1.000000,1.000000,1.000000,1.000000,1.000000,0.000000,1.000000,0.000000,0.000000,
0.000000,1.000000,1.000000,0.000000,0.000000,0.000000,0.000000,0.000000,0.000000,0.000000,1.000000,1.000000,0.000000,
0.000000,1.000000,1.000000,0.000000,0.000000,0.000000,0.000000,1.000000,0.000000,0.000000,1.000000,1.000000,1.000000,
0.000000,1.000000,1.000000,0.000000,0.000000,0.000000,1.000000,0.000000,0.000000,1.000000,0.000000,0.000000,0.000000,
0.000000,1.000000,1.000000,0.000000,0.000000,0.000000,1.000000,1.000000,0.000000,1.000000,0.000000,0.000000,1.000000,
0.000000,1.000000,1.000000,0.000000,0.000000,1.000000,0.000000,0.000000,0.000000,1.000000,0.000000,1.000000,0.000000,
0.000000,1.000000,1.000000,0.000000,0.000000,1.000000,0.000000,1.000000,0.000000,1.000000,0.000000,1.000000,1.000000,
0.000000,1.000000,1.000000,0.000000,0.000000,1.000000,1.000000,0.000000,0.000000,1.000000,1.000000,0.000000,0.000000,
0.000000,1.000000,1.000000,0.000000,0.000000,1.000000,1.000000,1.000000,0.000000,1.000000,1.000000,0.000000,1.000000,
0.000000,1.000000,1.000000,0.000000,1.000000,0.000000,0.000000,0.000000,0.000000,1.000000,1.000000,1.000000,0.000000,
0.000000,1.000000,1.000000,0.000000,1.000000,0.000000,0.000000,1.000000,0.000000,1.000000,1.000000,1.000000,1.000000,
0.000000,1.000000,1.000000,0.000000,1.000000,0.000000,1.000000,0.000000,1.000000,0.000000,0.000000,0.000000,0.000000,
0.000000,1.000000,1.000000,0.000000,1.000000,0.000000,1.000000,1.000000,1.000000,0.000000,0.000000,0.000000,1.000000,
0.000000,1.000000,1.000000,0.000000,1.000000,1.000000,0.000000,0.000000,1.000000,0.000000,0.000000,1.000000,0.000000,
0.000000,1.000000,1.000000,0.000000,1.000000,1.000000,0.000000,1.000000,1.000000,0.000000,0.000000,1.000000,1.000000,
0.000000,1.000000,1.000000,0.000000,1.000000,1.000000,1.000000,0.000000,1.000000,0.000000,1.000000,0.000000,0.000000,
0.000000,1.000000,1.000000,0.000000,1.000000,1.000000,1.000000,1.000000,1.000000,0.000000,1.000000,0.000000,1.000000,
0.000000,1.000000,1.000000,1.000000,0.000000,0.000000,0.000000,0.000000,0.000000,0.000000,1.000000,1.000000,1.000000,
0.000000,1.000000,1.000000,1.000000,0.000000,0.000000,0.000000,1.000000,0.000000,1.000000,0.000000,0.000000,0.000000,
0.000000,1.000000,1.000000,1.000000,0.000000,0.000000,1.000000,0.000000,0.000000,1.000000,0.000000,0.000000,1.000000,
0.000000,1.000000,1.000000,1.000000,0.000000,0.000000,1.000000,1.000000,0.000000,1.000000,0.000000,1.000000,0.000000,
0.000000,1.000000,1.000000,1.000000,0.000000,1.000000,0.000000,0.000000,0.000000,1.000000,0.000000,1.000000,1.000000,
0.000000,1.000000,1.000000,1.000000,0.000000,1.000000,0.000000,1.000000,0.000000,1.000000,1.000000,0.000000,0.000000,
0.000000,1.000000,1.000000,1.000000,0.000000,1.000000,1.000000,0.000000,0.000000,1.000000,1.000000,0.000000,1.000000,
0.000000,1.000000,1.000000,1.000000,0.000000,1.000000,1.000000,1.000000,0.000000,1.000000,1.000000,1.000000,0.000000,
0.000000,1.000000,1.000000,1.000000,1.000000,0.000000,0.000000,0.000000,0.000000,1.000000,1.000000,1.000000,1.000000,
0.000000,1.000000,1.000000,1.000000,1.000000,0.000000,0.000000,1.000000,1.000000,0.000000,0.000000,0.000000,0.000000,
0.000000,1.000000,1.000000,1.000000,1.000000,0.000000,1.000000,0.000000,1.000000,0.000000,0.000000,0.000000,1.000000,
0.000000,1.000000,1.000000,1.000000,1.000000,0.000000,1.000000,1.000000,1.000000,0.000000,0.000000,1.000000,0.000000,
0.000000,1.000000,1.000000,1.000000,1.000000,1.000000,0.000000,0.000000,1.000000,0.000000,0.000000,1.000000,1.000000,
0.000000,1.000000,1.000000,1.000000,1.000000,1.000000,0.000000,1.000000,1.000000,0.000000,1.000000,0.000000,0.000000,
0.000000,1.000000,1.000000,1.000000,1.000000,1.000000,1.000000,0.000000,1.000000,0.000000,1.000000,0.000000,1.000000,
0.000000,1.000000,1.000000,1.000000,1.000000,1.000000,1.000000,1.000000,1.000000,0.000000,1.000000,1.000000,0.000000,
1.000000,0.000000,0.000000,0.000000,0.000000,0.000000,0.000000,0.000000,0.000000,1.000000,0.000000,0.000000,0.000000,
1.000000,0.000000,0.000000,0.000000,0.000000,0.000000,0.000000,1.000000,0.000000,1.000000,0.000000,0.000000,1.000000,
1.000000,0.000000,0.000000,0.000000,0.000000,0.000000,1.000000,0.000000,0.000000,1.000000,0.000000,1.000000,0.000000,
1.000000,0.000000,0.000000,0.000000,0.000000,0.000000,1.000000,1.000000,0.000000,1.000000,0.000000,1.000000,1.000000,
1.000000,0.000000,0.000000,0.000000,0.000000,1.000000,0.000000,0.000000,0.000000,1.000000,1.000000,0.000000,0.000000,
1.000000,0.000000,0.000000,0.000000,0.000000,1.000000,0.000000,1.000000,0.000000,1.000000,1.000000,0.000000,1.000000,
1.000000,0.000000,0.000000,0.000000,0.000000,1.000000,1.000000,0.000000,0.000000,1.000000,1.000000,1.000000,0.000000,
1.000000,0.000000,0.000000,0.000000,0.000000,1.000000,1.000000,1.000000,0.000000,1.000000,1.000000,1.000000,1.000000,
1.000000,0.000000,0.000000,0.000000,1.000000,0.000000,0.000000,0.000000,1.000000,0.000000,0.000000,0.000000,0.000000,
1.000000,0.000000,0.000000,0.000000,1.000000,0.000000,0.000000,1.000000,1.000000,0.000000,0.000000,0.000000,1.000000,
1.000000,0.000000,0.000000,0.000000,1.000000,0.000000,1.000000,0.000000,1.000000,0.000000,0.000000,1.000000,0.000000,
1.000000,0.000000,0.000000,0.000000,1.000000,0.000000,1.000000,1.000000,1.000000,0.000000,0.000000,1.000000,1.000000,
1.000000,0.000000,0.000000,0.000000,1.000000,1.000000,0.000000,0.000000,1.000000,0.000000,1.000000,0.000000,0.000000,
1.000000,0.000000,0.000000,0.000000,1.000000,1.000000,0.000000,1.000000,1.000000,0.000000,1.000000,0.000000,1.000000,
1.000000,0.000000,0.000000,0.000000,1.000000,1.000000,1.000000,0.000000,1.000000,0.000000,1.000000,1.000000,0.000000,
1.000000,0.000000,0.000000,0.000000,1.000000,1.000000,1.000000,1.000000,1.000000,0.000000,1.000000,1.000000,1.000000,
1.000000,0.000000,0.000000,1.000000,0.000000,0.000000,0.000000,0.000000,0.000000,1.000000,0.000000,0.000000,1.000000,
1.000000,0.000000,0.000000,1.000000,0.000000,0.000000,0.000000,1.000000,0.000000,1.000000,0.000000,1.000000,0.000000,
1.000000,0.000000,0.000000,1.000000,0.000000,0.000000,1.000000,0.000000,0.000000,1.000000,0.000000,1.000000,1.000000,
1.000000,0.000000,0.000000,1.000000,0.000000,0.000000,1.000000,1.000000,0.000000,1.000000,1.000000,0.000000,0.000000,
1.000000,0.000000,0.000000,1.000000,0.000000,1.000000,0.000000,0.000000,0.000000,1.000000,1.000000,0.000000,1.000000,
1.000000,0.000000,0.000000,1.000000,0.000000,1.000000,0.000000,1.000000,0.000000,1.000000,1.000000,1.000000,0.000000,
1.000000,0.000000,0.000000,1.000000,0.000000,1.000000,1.000000,0.000000,0.000000,1.000000,1.000000,1.000000,1.000000,
1.000000,0.000000,0.000000,1.000000,0.000000,1.000000,1.000000,1.000000,1.000000,0.000000,0.000000,0.000000,0.000000,
1.000000,0.000000,0.000000,1.000000,1.000000,0.000000,0.000000,0.000000,1.000000,0.000000,0.000000,0.000000,1.000000,
1.000000,0.000000,0.000000,1.000000,1.000000,0.000000,0.000000,1.000000,1.000000,0.000000,0.000000,1.000000,0.000000,
1.000000,0.000000,0.000000,1.000000,1.000000,0.000000,1.000000,0.000000,1.000000,0.000000,0.000000,1.000000,1.000000,
1.000000,0.000000,0.000000,1.000000,1.000000,0.000000,1.000000,1.000000,1.000000,0.000000,1.000000,0.000000,0.000000,
1.000000,0.000000,0.000000,1.000000,1.000000,1.000000,0.000000,0.000000,1.000000,0.000000,1.000000,0.000000,1.000000,
1.000000,0.000000,0.000000,1.000000,1.000000,1.000000,0.000000,1.000000,1.000000,0.000000,1.000000,1.000000,0.000000,
1.000000,0.000000,0.000000,1.000000,1.000000,1.000000,1.000000,0.000000,1.000000,0.000000,1.000000,1.000000,1.000000,
1.000000,0.000000,0.000000,1.000000,1.000000,1.000000,1.000000,1.000000,1.000000,1.000000,0.000000,0.000000,0.000000,
1.000000,0.000000,1.000000,0.000000,0.000000,0.000000,0.000000,0.000000,0.000000,1.000000,0.000000,1.000000,0.000000,
1.000000,0.000000,1.000000,0.000000,0.000000,0.000000,0.000000,1.000000,0.000000,1.000000,0.000000,1.000000,1.000000,
1.000000,0.000000,1.000000,0.000000,0.000000,0.000000,1.000000,0.000000,0.000000,1.000000,1.000000,0.000000,0.000000,
1.000000,0.000000,1.000000,0.000000,0.000000,0.000000,1.000000,1.000000,0.000000,1.000000,1.000000,0.000000,1.000000,
1.000000,0.000000,1.000000,0.000000,0.000000,1.000000,0.000000,0.000000,0.000000,1.000000,1.000000,1.000000,0.000000,
1.000000,0.000000,1.000000,0.000000,0.000000,1.000000,0.000000,1.000000,0.000000,1.000000,1.000000,1.000000,1.000000,
1.000000,0.000000,1.000000,0.000000,0.000000,1.000000,1.000000,0.000000,1.000000,0.000000,0.000000,0.000000,0.000000,
1.000000,0.000000,1.000000,0.000000,0.000000,1.000000,1.000000,1.000000,1.000000,0.000000,0.000000,0.000000,1.000000,
1.000000,0.000000,1.000000,0.000000,1.000000,0.000000,0.000000,0.000000,1.000000,0.000000,0.000000,1.000000,0.000000,
1.000000,0.000000,1.000000,0.000000,1.000000,0.000000,0.000000,1.000000,1.000000,0.000000,0.000000,1.000000,1.000000,
1.000000,0.000000,1.000000,0.000000,1.000000,0.000000,1.000000,0.000000,1.000000,0.000000,1.000000,0.000000,0.000000,
1.000000,0.000000,1.000000,0.000000,1.000000,0.000000,1.000000,1.000000,1.000000,0.000000,1.000000,0.000000,1.000000,
1.000000,0.000000,1.000000,0.000000,1.000000,1.000000,0.000000,0.000000,1.000000,0.000000,1.000000,1.000000,0.000000,
1.000000,0.000000,1.000000,0.000000,1.000000,1.000000,0.000000,1.000000,1.000000,0.000000,1.000000,1.000000,1.000000,
1.000000,0.000000,1.000000,0.000000,1.000000,1.000000,1.000000,0.000000,1.000000,1.000000,0.000000,0.000000,0.000000,
1.000000,0.000000,1.000000,0.000000,1.000000,1.000000,1.000000,1.000000,1.000000,1.000000,0.000000,0.000000,1.000000,
1.000000,0.000000,1.000000,1.000000,0.000000,0.000000,0.000000,0.000000,0.000000,1.000000,0.000000,1.000000,1.000000,
1.000000,0.000000,1.000000,1.000000,0.000000,0.000000,0.000000,1.000000,0.000000,1.000000,1.000000,0.000000,0.000000,
1.000000,0.000000,1.000000,1.000000,0.000000,0.000000,1.000000,0.000000,0.000000,1.000000,1.000000,0.000000,1.000000,
1.000000,0.000000,1.000000,1.000000,0.000000,0.000000,1.000000,1.000000,0.000000,1.000000,1.000000,1.000000,0.000000,
1.000000,0.000000,1.000000,1.000000,0.000000,1.000000,0.000000,0.000000,0.000000,1.000000,1.000000,1.000000,1.000000,
1.000000,0.000000,1.000000,1.000000,0.000000,1.000000,0.000000,1.000000,1.000000,0.000000,0.000000,0.000000,0.000000,
1.000000,0.000000,1.000000,1.000000,0.000000,1.000000,1.000000,0.000000,1.000000,0.000000,0.000000,0.000000,1.000000,
1.000000,0.000000,1.000000,1.000000,0.000000,1.000000,1.000000,1.000000,1.000000,0.000000,0.000000,1.000000,0.000000,
1.000000,0.000000,1.000000,1.000000,1.000000,0.000000,0.000000,0.000000,1.000000,0.000000,0.000000,1.000000,1.000000,
1.000000,0.000000,1.000000,1.000000,1.000000,0.000000,0.000000,1.000000,1.000000,0.000000,1.000000,0.000000,0.000000,
1.000000,0.000000,1.000000,1.000000,1.000000,0.000000,1.000000,0.000000,1.000000,0.000000,1.000000,0.000000,1.000000,
1.000000,0.000000,1.000000,1.000000,1.000000,0.000000,1.000000,1.000000,1.000000,0.000000,1.000000,1.000000,0.000000,
1.000000,0.000000,1.000000,1.000000,1.000000,1.000000,0.000000,0.000000,1.000000,0.000000,1.000000,1.000000,1.000000,
1.000000,0.000000,1.000000,1.000000,1.000000,1.000000,0.000000,1.000000,1.000000,1.000000,0.000000,0.000000,0.000000,
1.000000,0.000000,1.000000,1.000000,1.000000,1.000000,1.000000,0.000000,1.000000,1.000000,0.000000,0.000000,1.000000,
1.000000,0.000000,1.000000,1.000000,1.000000,1.000000,1.000000,1.000000,1.000000,1.000000,0.000000,1.000000,0.000000,
1.000000,1.000000,0.000000,0.000000,0.000000,0.000000,0.000000,0.000000,0.000000,1.000000,1.000000,0.000000,0.000000,
1.000000,1.000000,0.000000,0.000000,0.000000,0.000000,0.000000,1.000000,0.000000,1.000000,1.000000,0.000000,1.000000,
1.000000,1.000000,0.000000,0.000000,0.000000,0.000000,1.000000,0.000000,0.000000,1.000000,1.000000,1.000000,0.000000,
1.000000,1.000000,0.000000,0.000000,0.000000,0.000000,1.000000,1.000000,0.000000,1.000000,1.000000,1.000000,1.000000,
1.000000,1.000000,0.000000,0.000000,0.000000,1.000000,0.000000,0.000000,1.000000,0.000000,0.000000,0.000000,0.000000,
1.000000,1.000000,0.000000,0.000000,0.000000,1.000000,0.000000,1.000000,1.000000,0.000000,0.000000,0.000000,1.000000,
1.000000,1.000000,0.000000,0.000000,0.000000,1.000000,1.000000,0.000000,1.000000,0.000000,0.000000,1.000000,0.000000,
1.000000,1.000000,0.000000,0.000000,0.000000,1.000000,1.000000,1.000000,1.000000,0.000000,0.000000,1.000000,1.000000,
1.000000,1.000000,0.000000,0.000000,1.000000,0.000000,0.000000,0.000000,1.000000,0.000000,1.000000,0.000000,0.000000,
1.000000,1.000000,0.000000,0.000000,1.000000,0.000000,0.000000,1.000000,1.000000,0.000000,1.000000,0.000000,1.000000,
1.000000,1.000000,0.000000,0.000000,1.000000,0.000000,1.000000,0.000000,1.000000,0.000000,1.000000,1.000000,0.000000,
1.000000,1.000000,0.000000,0.000000,1.000000,0.000000,1.000000,1.000000,1.000000,0.000000,1.000000,1.000000,1.000000,
1.000000,1.000000,0.000000,0.000000,1.000000,1.000000,0.000000,0.000000,1.000000,1.000000,0.000000,0.000000,0.000000,
1.000000,1.000000,0.000000,0.000000,1.000000,1.000000,0.000000,1.000000,1.000000,1.000000,0.000000,0.000000,1.000000,
1.000000,1.000000,0.000000,0.000000,1.000000,1.000000,1.000000,0.000000,1.000000,1.000000,0.000000,1.000000,0.000000,
1.000000,1.000000,0.000000,0.000000,1.000000,1.000000,1.000000,1.000000,1.000000,1.000000,0.000000,1.000000,1.000000,
1.000000,1.000000,0.000000,1.000000,0.000000,0.000000,0.000000,0.000000,0.000000,1.000000,1.000000,0.000000,1.000000,
1.000000,1.000000,0.000000,1.000000,0.000000,0.000000,0.000000,1.000000,0.000000,1.000000,1.000000,1.000000,0.000000,
1.000000,1.000000,0.000000,1.000000,0.000000,0.000000,1.000000,0.000000,0.000000,1.000000,1.000000,1.000000,1.000000,
1.000000,1.000000,0.000000,1.000000,0.000000,0.000000,1.000000,1.000000,1.000000,0.000000,0.000000,0.000000,0.000000,
1.000000,1.000000,0.000000,1.000000,0.000000,1.000000,0.000000,0.000000,1.000000,0.000000,0.000000,0.000000,1.000000,
1.000000,1.000000,0.000000,1.000000,0.000000,1.000000,0.000000,1.000000,1.000000,0.000000,0.000000,1.000000,0.000000,
1.000000,1.000000,0.000000,1.000000,0.000000,1.000000,1.000000,0.000000,1.000000,0.000000,0.000000,1.000000,1.000000,
1.000000,1.000000,0.000000,1.000000,0.000000,1.000000,1.000000,1.000000,1.000000,0.000000,1.000000,0.000000,0.000000,
1.000000,1.000000,0.000000,1.000000,1.000000,0.000000,0.000000,0.000000,1.000000,0.000000,1.000000,0.000000,1.000000,
1.000000,1.000000,0.000000,1.000000,1.000000,0.000000,0.000000,1.000000,1.000000,0.000000,1.000000,1.000000,0.000000,
1.000000,1.000000,0.000000,1.000000,1.000000,0.000000,1.000000,0.000000,1.000000,0.000000,1.000000,1.000000,1.000000,
1.000000,1.000000,0.000000,1.000000,1.000000,0.000000,1.000000,1.000000,1.000000,1.000000,0.000000,0.000000,0.000000,
1.000000,1.000000,0.000000,1.000000,1.000000,1.000000,0.000000,0.000000,1.000000,1.000000,0.000000,0.000000,1.000000,
1.000000,1.000000,0.000000,1.000000,1.000000,1.000000,0.000000,1.000000,1.000000,1.000000,0.000000,1.000000,0.000000,
1.000000,1.000000,0.000000,1.000000,1.000000,1.000000,1.000000,0.000000,1.000000,1.000000,0.000000,1.000000,1.000000,
1.000000,1.000000,0.000000,1.000000,1.000000,1.000000,1.000000,1.000000,1.000000,1.000000,1.000000,0.000000,0.000000,
1.000000,1.000000,1.000000,0.000000,0.000000,0.000000,0.000000,0.000000,0.000000,1.000000,1.000000,1.000000,0.000000,
1.000000,1.000000,1.000000,0.000000,0.000000,0.000000,0.000000,1.000000,0.000000,1.000000,1.000000,1.000000,1.000000,
1.000000,1.000000,1.000000,0.000000,0.000000,0.000000,1.000000,0.000000,1.000000,0.000000,0.000000,0.000000,0.000000,
1.000000,1.000000,1.000000,0.000000,0.000000,0.000000,1.000000,1.000000,1.000000,0.000000,0.000000,0.000000,1.000000,
1.000000,1.000000,1.000000,0.000000,0.000000,1.000000,0.000000,0.000000,1.000000,0.000000,0.000000,1.000000,0.000000,
1.000000,1.000000,1.000000,0.000000,0.000000,1.000000,0.000000,1.000000,1.000000,0.000000,0.000000,1.000000,1.000000,
1.000000,1.000000,1.000000,0.000000,0.000000,1.000000,1.000000,0.000000,1.000000,0.000000,1.000000,0.000000,0.000000,
1.000000,1.000000,1.000000,0.000000,0.000000,1.000000,1.000000,1.000000,1.000000,0.000000,1.000000,0.000000,1.000000,
1.000000,1.000000,1.000000,0.000000,1.000000,0.000000,0.000000,0.000000,1.000000,0.000000,1.000000,1.000000,0.000000,
1.000000,1.000000,1.000000,0.000000,1.000000,0.000000,0.000000,1.000000,1.000000,0.000000,1.000000,1.000000,1.000000,
1.000000,1.000000,1.000000,0.000000,1.000000,0.000000,1.000000,0.000000,1.000000,1.000000,0.000000,0.000000,0.000000,
1.000000,1.000000,1.000000,0.000000,1.000000,0.000000,1.000000,1.000000,1.000000,1.000000,0.000000,0.000000,1.000000,
1.000000,1.000000,1.000000,0.000000,1.000000,1.000000,0.000000,0.000000,1.000000,1.000000,0.000000,1.000000,0.000000,
1.000000,1.000000,1.000000,0.000000,1.000000,1.000000,0.000000,1.000000,1.000000,1.000000,0.000000,1.000000,1.000000,
1.000000,1.000000,1.000000,0.000000,1.000000,1.000000,1.000000,0.000000,1.000000,1.000000,1.000000,0.000000,0.000000,
1.000000,1.000000,1.000000,0.000000,1.000000,1.000000,1.000000,1.000000,1.000000,1.000000,1.000000,0.000000,1.000000,
1.000000,1.000000,1.000000,1.000000,0.000000,0.000000,0.000000,0.000000,0.000000,1.000000,1.000000,1.000000,1.000000,
1.000000,1.000000,1.000000,1.000000,0.000000,0.000000,0.000000,1.000000,1.000000,0.000000,0.000000,0.000000,0.000000,
1.000000,1.000000,1.000000,1.000000,0.000000,0.000000,1.000000,0.000000,1.000000,0.000000,0.000000,0.000000,1.000000,
1.000000,1.000000,1.000000,1.000000,0.000000,0.000000,1.000000,1.000000,1.000000,0.000000,0.000000,1.000000,0.000000,
1.000000,1.000000,1.000000,1.000000,0.000000,1.000000,0.000000,0.000000,1.000000,0.000000,0.000000,1.000000,1.000000,
1.000000,1.000000,1.000000,1.000000,0.000000,1.000000,0.000000,1.000000,1.000000,0.000000,1.000000,0.000000,0.000000,
1.000000,1.000000,1.000000,1.000000,0.000000,1.000000,1.000000,0.000000,1.000000,0.000000,1.000000,0.000000,1.000000,
1.000000,1.000000,1.000000,1.000000,0.000000,1.000000,1.000000,1.000000,1.000000,0.000000,1.000000,1.000000,0.000000,
1.000000,1.000000,1.000000,1.000000,1.000000,0.000000,0.000000,0.000000,1.000000,0.000000,1.000000,1.000000,1.000000,
1.000000,1.000000,1.000000,1.000000,1.000000,0.000000,0.000000,1.000000,1.000000,1.000000,0.000000,0.000000,0.000000,
1.000000,1.000000,1.000000,1.000000,1.000000,0.000000,1.000000,0.000000,1.000000,1.000000,0.000000,0.000000,1.000000,
1.000000,1.000000,1.000000,1.000000,1.000000,0.000000,1.000000,1.000000,1.000000,1.000000,0.000000,1.000000,0.000000,
1.000000,1.000000,1.000000,1.000000,1.000000,1.000000,0.000000,0.000000,1.000000,1.000000,0.000000,1.000000,1.000000,
1.000000,1.000000,1.000000,1.000000,1.000000,1.000000,0.000000,1.000000,1.000000,1.000000,1.000000,0.000000,0.000000,
1.000000,1.000000,1.000000,1.000000,1.000000,1.000000,1.000000,0.000000,1.000000,1.000000,1.000000,0.000000,1.000000,
1.000000,1.000000,1.000000,1.000000,1.000000,1.000000,1.000000,1.000000,1.000000,1.000000,1.000000,1.000000,0.000000,
